3 0.34025974025974026 0.30363636363636365 0.37272727272727274 0.28363636363636363 0.4 0.2381818181818182 0.4 0.22 0.35974025974025975 0.14909090909090908 0.2922077922077922 0.15272727272727274 0.2701298701298701 0.18727272727272729 0.2701298701298701 0.2309090909090909 0.3051948051948052 0.29454545454545455
3 0.7064935064935065 0.9981818181818182 0.7337662337662337 0.9890909090909091 0.7350649350649351 0.9763636363636363 0.7220779220779221 0.9690909090909091 0.7389610389610389 0.96 0.7545454545454545 0.9854545454545455 0.7584415584415585 0.9618181818181818 0.7454545454545455 0.9436363636363636 0.7558441558441559 0.9363636363636364 0.6896103896103896 0.9090909090909091 0.6831168831168831 0.8781818181818182 0.6610389610389611 0.8545454545454545 0.6571428571428571 0.8745454545454545 0.6727272727272727 0.8854545454545455 0.6662337662337663 0.8981818181818182 0.6402597402597403 0.8981818181818182 0.6402597402597403 0.8690909090909091 0.6142857142857143 0.8763636363636363 0.6064935064935065 0.8618181818181818 0.548051948051948 0.9327272727272727 0.522077922077922 0.990909090909091
3 0.42077922077922075 0.9 0.6558441558441559 0.7854545454545454 0.6753246753246753 0.7254545454545455 0.7272727272727273 0.6672727272727272 0.7233766233766233 0.6509090909090909 0.7064935064935065 0.6454545454545455 0.7220779220779221 0.6127272727272727 0.7220779220779221 0.5618181818181818 0.6753246753246753 0.4781818181818182 0.6597402597402597 0.42 0.577922077922078 0.3381818181818182 0.5454545454545454 0.2818181818181818 0.561038961038961 0.2636363636363636 0.5363636363636364 0.2509090909090909 0.5311688311688312 0.26181818181818184 0.4974025974025974 0.26181818181818184 0.4857142857142857 0.27090909090909093 0.4896103896103896 0.28363636363636363 0.461038961038961 0.2872727272727273 0.45324675324675323 0.3054545454545455 0.4064935064935065 0.32727272727272727 0.261038961038961 0.3527272727272727 0.22467532467532467 0.3709090909090909 0.2051948051948052 0.44181818181818183 0.2077922077922078 0.5036363636363637 0.32727272727272727 0.8127272727272727 0.38571428571428573 0.9018181818181819
3 0.06493506493506493 0.8090909090909091 0.06103896103896104 0.7745454545454545 0.04415584415584416 0.8018181818181818
3 0.08311688311688312 0.8818181818181818 0.0987012987012987 0.86 0.08701298701298701 0.8254545454545454 0.07272727272727272 0.8563636363636363
3 0.08831168831168831 0.6963636363636364 0.09090909090909091 0.6381818181818182 0.07922077922077922 0.6363636363636364 0.06753246753246753 0.6854545454545454
3 0.14545454545454545 0.9072727272727272 0.14025974025974025 0.8454545454545455 0.11818181818181818 0.84 0.11688311688311688 0.8709090909090909
3 0.12727272727272726 0.5472727272727272 0.14025974025974025 0.5363636363636364 0.14025974025974025 0.5145454545454545 0.10779220779220779 0.49818181818181817 0.1038961038961039 0.54
3 0.08051948051948052 0.5727272727272728 0.09090909090909091 0.5545454545454546 0.08831168831168831 0.5327272727272727 0.05584415584415584 0.5272727272727272 0.05194805194805195 0.5690909090909091
3 0.15064935064935064 0.2381818181818182 0.16883116883116883 0.21636363636363637 0.16103896103896104 0.18 0.12077922077922078 0.16727272727272727 0.11428571428571428 0.22 0.12337662337662338 0.23636363636363636 0.12597402597402596 0.22181818181818183 0.13896103896103895 0.22181818181818183
3 0.12727272727272726 0.43454545454545457 0.14805194805194805 0.4090909090909091 0.15844155844155844 0.3690909090909091 0.15584415584415584 0.34 0.14155844155844155 0.32727272727272727 0.11298701298701298 0.33454545454545453 0.0987012987012987 0.37272727272727274 0.0987012987012987 0.39090909090909093