9 0.5320197044334976 0.7457386363636364 0.5320197044334976 0.7059659090909091 0.5036945812807881 0.7045454545454546 0.5024630541871922 0.7372159090909091
9 0.5073891625615764 0.6747159090909091 0.4987684729064039 0.6448863636363636 0.45566502463054187 0.6519886363636364 0.45935960591133007 0.6704545454545454
9 0.8423645320197044 0.27698863636363635 0.875615763546798 0.2727272727272727 0.8793103448275862 0.25426136363636365 0.8633004926108374 0.25 0.8608374384236454 0.23579545454545456 0.8411330049261084 0.23579545454545456
9 0.6847290640394089 0.2883522727272727 0.6847290640394089 0.2741477272727273 0.6564039408866995 0.23295454545454544 0.625615763546798 0.2372159090909091 0.6268472906403941 0.2528409090909091 0.6564039408866995 0.2528409090909091 0.6724137931034483 0.28551136363636365
9 0.4014778325123153 0.5440340909090909 0.4100985221674877 0.5255681818181818 0.45566502463054187 0.4900568181818182 0.4396551724137931 0.48579545454545453 0.4125615763546798 0.5 0.3916256157635468 0.5241477272727273 0.3916256157635468 0.5411931818181818
9 0.1748768472906404 0.5269886363636364 0.18842364532019704 0.5028409090909091 0.22413793103448276 0.4815340909090909 0.21798029556650247 0.4715909090909091 0.1933497536945813 0.4715909090909091 0.16995073891625614 0.4900568181818182 0.16502463054187191 0.5099431818181818
9 0.46551724137931033 0.8309659090909091 0.4729064039408867 0.8139204545454546 0.45320197044334976 0.7826704545454546 0.4248768472906404 0.7784090909090909 0.4236453201970443 0.8110795454545454
9 0.8497536945812808 0.7400568181818182 0.8669950738916257 0.7144886363636364 0.8620689655172413 0.6889204545454546 0.8485221674876847 0.6846590909090909 0.8411330049261084 0.6676136363636364 0.8165024630541872 0.6676136363636364 0.8374384236453202 0.703125 0.8399014778325123 0.7400568181818182
9 0.5147783251231527 0.9076704545454546 0.5394088669950738 0.8934659090909091 0.5307881773399015 0.8465909090909091 0.49014778325123154 0.8792613636363636 0.5 0.9019886363636364
9 0.6083743842364532 0.6349431818181818 0.6108374384236454 0.6178977272727273 0.625615763546798 0.6122159090909091 0.625615763546798 0.5809659090909091 0.6145320197044335 0.5795454545454546 0.6071428571428571 0.5596590909090909 0.5825123152709359 0.5568181818181818 0.5788177339901478 0.5951704545454546 0.5935960591133005 0.6008522727272727 0.5935960591133005 0.6321022727272727
9 0.7832512315270936 0.5383522727272727 0.8152709359605911 0.5014204545454546 0.8115763546798029 0.48579545454545453 0.7721674876847291 0.48579545454545453 0.7389162561576355 0.5269886363636364 0.7450738916256158 0.5369318181818182
9 0.4827586206896552 0.6292613636363636 0.48645320197044334 0.6164772727272727 0.5086206896551724 0.6221590909090909 0.5233990147783252 0.6136363636363636 0.5270935960591133 0.5951704545454546 0.4987684729064039 0.5625 0.47167487684729065 0.5596590909090909 0.47044334975369456 0.6207386363636364
9 0.8571428571428571 0.3963068181818182 0.8620689655172413 0.37926136363636365 0.8448275862068966 0.34517045454545453 0.8325123152709359 0.34232954545454547 0.8300492610837439 0.31107954545454547 0.8091133004926109 0.3039772727272727 0.8004926108374384 0.33948863636363635 0.812807881773399 0.34517045454545453 0.8152709359605911 0.37642045454545453 0.8288177339901478 0.3806818181818182 0.8362068965517241 0.3977272727272727
9 0.24876847290640394 0.6349431818181818 0.2524630541871921 0.6136363636363636 0.2746305418719212 0.6278409090909091 0.29679802955665024 0.6164772727272727 0.3103448275862069 0.5894886363636364 0.2746305418719212 0.5767045454545454 0.24261083743842365 0.5795454545454546 0.23399014778325122 0.6122159090909091 0.22167487684729065 0.6207386363636364 0.23029556650246305 0.6335227272727273
9 0.5665024630541872 0.8366477272727273 0.6157635467980296 0.7997159090909091 0.6145320197044335 0.7784090909090909 0.541871921182266 0.7826704545454546 0.5320197044334976 0.7997159090909091 0.5369458128078818 0.8252840909090909 0.5504926108374384 0.8380681818181818
9 0.7339901477832512 0.6519886363636364 0.7733990147783252 0.6178977272727273 0.7660098522167488 0.5809659090909091 0.7426108374384236 0.5596590909090909 0.7278325123152709 0.5596590909090909 0.7044334975369458 0.5809659090909091 0.7192118226600985 0.5980113636363636 0.7216748768472906 0.6349431818181818
9 0.29310344827586204 0.359375 0.31650246305418717 0.34375 0.3682266009852217 0.34375 0.37438423645320196 0.3309659090909091 0.35098522167487683 0.3068181818181818 0.2869458128078818 0.3068181818181818 0.270935960591133 0.3224431818181818 0.270935960591133 0.3536931818181818
9 0.4852216748768473 0.3963068181818182 0.49507389162561577 0.3650568181818182 0.4421182266009852 0.32386363636363635 0.40763546798029554 0.32386363636363635 0.3916256157635468 0.3366477272727273 0.4248768472906404 0.3721590909090909
9 0.45320197044334976 0.21732954545454544 0.45689655172413796 0.16477272727272727 0.4839901477832512 0.16477272727272727 0.48891625615763545 0.18181818181818182 0.5172413793103449 0.18039772727272727 0.5295566502463054 0.15767045454545456 0.5233990147783252 0.12215909090909091 0.48891625615763545 0.1278409090909091 0.4839901477832512 0.14204545454545456 0.45197044334975367 0.13352272727272727 0.43226600985221675 0.14204545454545456 0.41995073891625617 0.16477272727272727 0.3977832512315271 0.16477272727272727 0.3620689655172414 0.2002840909090909 0.3633004926108374 0.2159090909090909 0.3879310344827586 0.2159090909090909 0.40763546798029554 0.18181818181818182 0.43226600985221675 0.17897727272727273 0.43842364532019706 0.19744318181818182 0.4248768472906404 0.19886363636363635 0.4236453201970443 0.21448863636363635
9 0.8349753694581281 0.17755681818181818 0.8362068965517241 0.14488636363636365 0.8485221674876847 0.16193181818181818 0.853448275862069 0.14772727272727273 0.8559113300492611 0.16193181818181818 0.875615763546798 0.16193181818181818 0.8842364532019704 0.14630681818181818 0.8472906403940886 0.140625 0.8472906403940886 0.11221590909090909 0.8571428571428571 0.10653409090909091 0.8386699507389163 0.08806818181818182 0.8054187192118226 0.109375 0.8140394088669951 0.125 0.8374384236453202 0.12926136363636365 0.8238916256157636 0.16193181818181818 0.7967980295566502 0.125 0.7770935960591133 0.1278409090909091 0.7697044334975369 0.14204545454545456 0.6884236453201971 0.09375 0.6687192118226601 0.09090909090909091 0.6330049261083743 0.11505681818181818 0.6342364532019704 0.125 0.6687192118226601 0.13352272727272727 0.6859605911330049 0.1590909090909091 0.7130541871921182 0.16477272727272727 0.7253694581280788 0.17897727272727273 0.7352216748768473 0.17897727272727273 0.7549261083743842 0.14772727272727273 0.7697044334975369 0.16477272727272727
9 0.312807881773399 0.7798295454545454 0.35344827586206895 0.7727272727272727 0.3768472906403941 0.7258522727272727 0.39408866995073893 0.7173295454545454 0.3916256157635468 0.6889204545454546 0.3731527093596059 0.6704545454545454 0.3460591133004926 0.6676136363636364 0.3435960591133005 0.6505681818181818 0.31650246305418717 0.6505681818181818 0.31157635467980294 0.6676136363636364 0.2869458128078818 0.6704545454545454 0.2832512315270936 0.6803977272727273 0.2832512315270936 0.7542613636363636 0.29926108374384236 0.7784090909090909
9 0.6724137931034483 0.5411931818181818 0.6761083743842364 0.5255681818181818 0.7253694581280788 0.5142045454545454 0.729064039408867 0.4900568181818182 0.6761083743842364 0.48579545454545453 0.6748768472906403 0.47301136363636365 0.6600985221674877 0.46732954545454547 0.6576354679802956 0.421875 0.6440886699507389 0.4147727272727273 0.6293103448275862 0.4318181818181818 0.6280788177339901 0.4190340909090909 0.6133004926108374 0.4133522727272727 0.6133004926108374 0.37357954545454547 0.5923645320197044 0.36363636363636365 0.5640394088669951 0.4133522727272727 0.5455665024630542 0.41761363636363635 0.5320197044334976 0.4446022727272727 0.5775862068965517 0.4630681818181818 0.5738916256157636 0.47301136363636365 0.5874384236453202 0.4971590909090909 0.6145320197044335 0.48863636363636365 0.6539408866995073 0.4971590909090909
9 0.06157635467980296 0.7514204545454546 0.05172413793103448 0.7315340909090909 0.06157635467980296 0.7315340909090909 0.06280788177339902 0.7073863636363636 0.07266009852216748 0.7073863636363636 0.07512315270935961 0.7215909090909091 0.07758620689655173 0.7073863636363636 0.09236453201970443 0.7073863636363636 0.09975369458128079 0.7215909090909091 0.1416256157635468 0.6704545454545454 0.1896551724137931 0.671875 0.18719211822660098 0.6519886363636364 0.16995073891625614 0.6463068181818182 0.17118226600985223 0.6136363636363636 0.1268472906403941 0.6136363636363636 0.11083743842364532 0.5838068181818182 0.13669950738916256 0.5596590909090909 0.14039408866995073 0.578125 0.15517241379310345 0.5809659090909091 0.1564039408866995 0.5994318181818182 0.17857142857142858 0.5965909090909091 0.17118226600985223 0.5340909090909091 0.13669950738916256 0.5340909090909091 0.09113300492610837 0.5667613636363636 0.08620689655172414 0.6178977272727273 0.07266009852216748 0.6448863636363636 0.054187192118226604 0.6519886363636364 0.04187192118226601 0.7173295454545454 0.046798029556650245 0.7428977272727273
9 0.23891625615763548 0.9133522727272727 0.2524630541871921 0.9034090909090909 0.291871921182266 0.9034090909090909 0.29802955665024633 0.8849431818181818 0.2524630541871921 0.8863636363636364 0.24876847290640394 0.8366477272727273 0.20566502463054187 0.8039772727272727 0.1933497536945813 0.8153409090909091 0.1896551724137931 0.796875 0.1724137931034483 0.7911931818181818 0.17364532019704434 0.7784090909090909 0.15517241379310345 0.7769886363636364 0.1539408866995074 0.7585227272727273 0.1416256157635468 0.7585227272727273 0.14039408866995073 0.7769886363636364 0.12931034482758622 0.7784090909090909 0.1268472906403941 0.7585227272727273 0.08251231527093596 0.7585227272727273 0.09113300492610837 0.7428977272727273 0.0665024630541872 0.7400568181818182 0.0665024630541872 0.7514204545454546 0.07881773399014778 0.7571022727272727 0.06403940886699508 0.7599431818181818 0.05665024630541872 0.8053977272727273 0.06773399014778325 0.7982954545454546 0.09113300492610837 0.8110795454545454 0.07635467980295567 0.8167613636363636 0.07512315270935961 0.8323863636363636 0.06280788177339902 0.8125 0.046798029556650245 0.8167613636363636 0.03694581280788178 0.8480113636363636 0.04310344827586207 0.8693181818181818 0.0603448275862069 0.875 0.07389162561576355 0.8536931818181818 0.07266009852216748 0.8352272727272727 0.08004926108374384 0.8607954545454546 0.09236453201970443 0.8522727272727273 0.09482758620689655 0.8664772727272727 0.10960591133004927 0.8664772727272727 0.13669950738916256 0.8352272727272727 0.1440886699507389 0.8494318181818182 0.19088669950738915 0.8210227272727273 0.2044334975369458 0.8338068181818182 0.2019704433497537 0.8480113636363636 0.21921182266009853 0.8536931818181818 0.21674876847290642 0.8821022727272727 0.23399014778325122 0.8877840909090909