1 0.2325 0.5658783783783784 0.255 0.535472972972973 0.2475 0.48817567567567566 0.22875 0.46959459459459457 0.18125 0.46959459459459457 0.17 0.49493243243243246 0.175 0.5219594594594594 0.20625 0.5608108108108109
1 0.895 0.8766891891891891 0.92 0.8496621621621622 0.915 0.8125 0.93875 0.8209459459459459 0.9525 0.7989864864864865 0.9625 0.7753378378378378 0.95375 0.7466216216216216 0.90375 0.7331081081081081 0.885 0.7516891891891891 0.885 0.7888513513513513 0.865 0.8057432432432432 0.86 0.8462837837837838 0.87875 0.875
1 0.7025 0.41385135135135137 0.72 0.38344594594594594 0.72 0.3597972972972973 0.6925 0.31925675675675674 0.72125 0.3310810810810811 0.735 0.3158783783783784 0.735 0.2956081081081081 0.71125 0.22635135135135134 0.67375 0.21621621621621623 0.6575 0.23817567567567569 0.6525 0.27533783783783783 0.6875 0.32263513513513514 0.66 0.3530405405405405 0.66 0.38682432432432434 0.67875 0.4155405405405405
1 0.36 0.5084459459459459 0.375 0.49493243243243246 0.375 0.4510135135135135 0.35375 0.43243243243243246 0.32375 0.4391891891891892 0.29875 0.41216216216216217 0.3025 0.36655405405405406 0.29375 0.34797297297297297 0.26875 0.34121621621621623 0.25375 0.35135135135135137 0.2425 0.3935810810810811 0.2575 0.4239864864864865 0.2525 0.46790540540540543 0.2625 0.49155405405405406 0.28375 0.5101351351351351 0.31625 0.4966216216216216
1 0.575 0.40033783783783783 0.585 0.38006756756756754 0.5725 0.3564189189189189 0.595 0.3158783783783784 0.6 0.2719594594594595 0.5775 0.22804054054054054 0.5775 0.19087837837837837 0.56375 0.17229729729729729 0.51875 0.17229729729729729 0.425 0.23141891891891891 0.4225 0.2719594594594595 0.43125 0.2972972972972973 0.46875 0.2939189189189189 0.4875 0.3125 0.50875 0.36824324324324326 0.54375 0.3783783783783784 0.55625 0.40202702702702703
1 0.72 0.9172297297297297 0.7225 0.8699324324324325 0.7025 0.8496621621621622 0.72375 0.8141891891891891 0.77125 0.8547297297297297 0.79875 0.8445945945945946 0.8075 0.8260135135135135 0.805 0.7483108108108109 0.7825 0.714527027027027 0.81 0.6841216216216216 0.81 0.6638513513513513 0.7925 0.6368243243243243 0.8075 0.5726351351351351 0.79625 0.5506756756756757 0.76625 0.543918918918919 0.73875 0.5912162162162162 0.71125 0.5844594594594594 0.6975 0.5658783783783784 0.7075 0.5287162162162162 0.7 0.49155405405405406 0.68625 0.47297297297297297 0.6475 0.46114864864864863 0.6425 0.4239864864864865 0.6525 0.3766891891891892 0.62375 0.3310810810810811 0.61125 0.3277027027027027 0.5975 0.33952702702702703 0.595 0.4172297297297297 0.56875 0.44256756756756754 0.54375 0.42905405405405406 0.51875 0.44594594594594594 0.5075 0.4847972972972973 0.48 0.5084459459459459 0.475 0.5422297297297297 0.48875 0.5709459459459459 0.51125 0.5743243243243243 0.5275 0.5591216216216216 0.53375 0.5202702702702703 0.56625 0.5067567567567568 0.59875 0.5337837837837838 0.6125 0.5793918918918919 0.64375 0.597972972972973 0.665 0.6300675675675675 0.66 0.6739864864864865 0.6725 0.6976351351351351 0.67 0.7381756756756757 0.6475 0.7449324324324325 0.6575 0.6942567567567568 0.64125 0.6655405405405406 0.60125 0.6722972972972973 0.57625 0.6554054054054054 0.55125 0.6148648648648649 0.53125 0.6148648648648649 0.5125 0.6334459459459459 0.5075 0.6773648648648649 0.52125 0.6993243243243243 0.54875 0.706081081081081 0.5625 0.7347972972972973 0.51125 0.7466216216216216 0.4975 0.7922297297297297 0.54875 0.875 0.57125 0.8885135135135135 0.59875 0.8885135135135135 0.62125 0.8445945945945946 0.65375 0.8344594594594594 0.66875 0.8581081081081081 0.69 0.8631756756756757 0.675 0.8800675675675675 0.68625 0.9087837837837838
1 0.2325 0.5658783783783784 0.255 0.535472972972973 0.2475 0.48817567567567566 0.22875 0.46959459459459457 0.18125 0.46959459459459457 0.17 0.49493243243243246 0.175 0.5219594594594594 0.20375 0.5608108108108109
1 0.895 0.8766891891891891 0.92 0.8496621621621622 0.915 0.8125 0.93875 0.8209459459459459 0.9525 0.7989864864864865 0.965 0.7652027027027027 0.95625 0.7466216216216216 0.90375 0.7331081081081081 0.8875 0.7483108108108109 0.885 0.7922297297297297 0.865 0.8057432432432432 0.86 0.8429054054054054 0.87125 0.8682432432432432
1 0.7025 0.41385135135135137 0.72 0.38344594594594594 0.72 0.3597972972972973 0.6925 0.31925675675675674 0.71875 0.3344594594594595 0.735 0.3158783783783784 0.735 0.2956081081081081 0.7225 0.27871621621621623 0.71625 0.22972972972972974 0.67375 0.21621621621621623 0.6575 0.23817567567567569 0.6525 0.27533783783783783 0.685 0.3260135135135135 0.6625 0.34966216216216217 0.66 0.38682432432432434 0.67875 0.4155405405405405
1 0.36 0.5084459459459459 0.375 0.49493243243243246 0.375 0.4510135135135135 0.35375 0.43243243243243246 0.32375 0.4391891891891892 0.29875 0.41216216216216217 0.3025 0.36655405405405406 0.29375 0.34797297297297297 0.26875 0.34121621621621623 0.25375 0.35135135135135137 0.2425 0.3969594594594595 0.2575 0.4239864864864865 0.2575 0.4847972972972973 0.28375 0.5101351351351351 0.31625 0.4966216216216216
1 0.575 0.40033783783783783 0.585 0.3766891891891892 0.5725 0.3564189189189189 0.5925 0.32263513513513514 0.6 0.2719594594594595 0.5775 0.22804054054054054 0.58 0.19763513513513514 0.56375 0.17229729729729729 0.51875 0.17229729729729729 0.425 0.23141891891891891 0.4225 0.2719594594594595 0.43125 0.2972972972972973 0.46875 0.2939189189189189 0.4875 0.3091216216216216 0.49 0.33614864864864863 0.50875 0.36824324324324326 0.54625 0.3783783783783784 0.55625 0.40202702702702703
1 0.7175 0.9138513513513513 0.72 0.8631756756756757 0.7025 0.8496621621621622 0.72375 0.8141891891891891 0.77125 0.8547297297297297 0.79875 0.8445945945945946 0.8075 0.8260135135135135 0.805 0.7483108108108109 0.7825 0.7179054054054054 0.81 0.6841216216216216 0.81 0.6638513513513513 0.7925 0.6368243243243243 0.8075 0.5692567567567568 0.79375 0.5472972972972973 0.76625 0.543918918918919 0.73875 0.5912162162162162 0.71375 0.5844594594594594 0.6975 0.5625 0.705 0.5016891891891891 0.68625 0.47297297297297297 0.65 0.46452702702702703 0.6425 0.4239864864864865 0.6525 0.3766891891891892 0.62125 0.3277027027027027 0.61125 0.3277027027027027 0.5975 0.33952702702702703 0.595 0.41385135135135137 0.56875 0.44256756756756754 0.54375 0.42905405405405406 0.51875 0.44594594594594594 0.5075 0.48817567567567566 0.48 0.5084459459459459 0.475 0.5456081081081081 0.48875 0.5709459459459459 0.51125 0.5743243243243243 0.53 0.5557432432432432 0.53375 0.5202702702702703 0.56625 0.5067567567567568 0.59875 0.5337837837837838 0.61 0.5760135135135135 0.665 0.6266891891891891 0.6575 0.660472972972973 0.6725 0.6976351351351351 0.67 0.7381756756756757 0.6475 0.7449324324324325 0.66 0.7077702702702703 0.64125 0.6655405405405406 0.60125 0.6722972972972973 0.57875 0.6587837837837838 0.55875 0.6216216216216216 0.53125 0.6148648648648649 0.5125 0.6334459459459459 0.5075 0.6773648648648649 0.52125 0.6993243243243243 0.54875 0.706081081081081 0.56375 0.7331081081081081 0.585 0.7381756756756757 0.52125 0.7398648648648649 0.5 0.7652027027027027 0.4975 0.7888513513513513 0.5375 0.8597972972972973 0.57125 0.8885135135135135 0.59875 0.8885135135135135 0.62125 0.8412162162162162 0.65375 0.8344594594594594 0.66875 0.8581081081081081 0.69 0.8597972972972973 0.67625 0.8918918918918919 0.71375 0.8885135135135135 0.71625 0.902027027027027 0.69125 0.8952702702702703 0.69 0.9070945945945946
1 0.3 0.2719594594594595 0.32 0.24155405405405406 0.32 0.21114864864864866 0.30875 0.19256756756756757 0.28375 0.1858108108108108 0.265 0.20439189189189189 0.26 0.2483108108108108 0.27625 0.27364864864864863
1 0.155 0.6097972972972973 0.1725 0.589527027027027 0.17 0.5489864864864865 0.15125 0.5304054054054054 0.12125 0.5371621621621622 0.11 0.5523648648648649 0.11 0.5929054054054054 0.12625 0.6114864864864865
1 0.23 0.5658783783783784 0.255 0.5320945945945946 0.2475 0.48817567567567566 0.22625 0.46959459459459457 0.18125 0.46959459459459457 0.17 0.49493243243243246 0.175 0.5219594594594594 0.20625 0.5608108108108109
1 0.3575 0.5084459459459459 0.3775 0.4814189189189189 0.375 0.4510135135135135 0.35125 0.43243243243243246 0.32625 0.44256756756756754 0.29875 0.41216216216216217 0.3025 0.36655405405405406 0.29375 0.34797297297297297 0.27125 0.34121621621621623 0.25375 0.35135135135135137 0.2425 0.3969594594594595 0.2575 0.4239864864864865 0.2525 0.46790540540540543 0.26 0.48817567567567566 0.29375 0.5101351351351351 0.30875 0.5033783783783784 0.32 0.48817567567567566 0.315 0.46790540540540543 0.32625 0.46621621621621623 0.3275 0.5016891891891891